[  208.441897] [project1] 1937 1588179191.133391017 1588179191.152094372
[  208.450706] [project1] 1938 1588179191.152267630 1588179191.160894799
[  208.461412] [project1] 1939 1588179191.161148524 1588179191.171607308
[ 1550.456637] [project1] 2852 1588180532.581943883 1588180533.265069687
[ 1551.796800] [project1] 2853 1588180533.914475804 1588180534.605079553
[ 1553.126927] [project1] 2854 1588180535.251476327 1588180535.935054383
[ 1554.461093] [project1] 2855 1588180536.582277058 1588180537.269068394
[ 1555.808555] [project1] 2856 1588180537.927400055 1588180538.616377808
[ 1557.152898] [project1] 2857 1588180539.272663400 1588180539.960569763
[ 1558.484498] [project1] 2858 1588180540.603587977 1588180541.292024328
[ 1559.835359] [project1] 2859 1588180541.939139758 1588180542.642734066
[ 1561.166652] [project1] 2860 1588180543.290806911 1588180543.973880913
[ 1562.476683] [project1] 2861 1588180544.612387250 1588180545.283767713
