[ 3681.768115] [Project1] 2788 1588188593.637938839 1588188594.313794206
[ 3683.048567] [Project1] 2789 1588188594.942836367 1588188595.594302339
[ 3684.336178] [Project1] 2790 1588188596.226115102 1588188596.881968940
[ 3685.630312] [Project1] 2791 1588188597.515338335 1588188598.176158179
[ 3686.952648] [Project1] 2792 1588188598.813630882 1588188599.498552393
[ 3688.328888] [Project1] 2793 1588188600.180565356 1588188600.874851428
[ 3689.715870] [Project1] 2794 1588188601.560923872 1588188602.261893604
[ 3691.036071] [Project1] 2797 1588188602.914602864 1588188603.582151794
[ 3692.318873] [Project1] 2798 1588188604.213985993 1588188604.865009156
[ 3693.589043] [Project1] 2799 1588188605.494497439 1588188606.135234471
